﻿Category,Subcategory,Description,Notes,Vendor,Start Date,Duration,End Date,Amount,Balance
Equipment,Zepole,Equipment Sales Order,Need to confirm adjusted payment plan with Zepole,Zepole,3/12/2025,1,3/13/2025,-100000,213154.79
Salary,Payroll (admin),Payroll (admin),estimate,Payroll (admin),3/14/2025,1,3/15/2025,-5040.68,208114.11
Debt Service,Penn,Interest,recurring,Penn,3/15/2025,1,3/16/2025,-5250,202864.11
Revenue,HUD,HUD drawdown #12,"Includes Equipment, Occupancy and Salary from February",Hud Drawdown,3/21/2025,1,3/22/2025,430319.02,633183.13
Salary,Payroll (admin),Payroll (admin),estimate,Payroll (admin),3/21/2025,1,3/22/2025,-5040.68,628142.45
Equipment,Zepole,Equipment Sales Order,Need to confirm adjusted payment plan with Zepole,Zepole,3/26/2025,1,3/27/2025,-300000,328142.45
Salary,Payroll (admin),Payroll (admin),estimate,Payroll (admin),3/28/2025,1,3/29/2025,-5040.68,323101.77
Debt Service,Embassy,Interest,interest,Embassy,4/1/2025,1,4/2/2025,-2057.3,321044.47
Other,Marketing,Consulting (Website),recurring,Fresh Ink,4/1/2025,1,4/2/2025,-300,320744.47
Occupancy,Rent,Rent,recurring,Market Flats,4/1/2025,1,4/2/2025,-14829,305915.47
Revenue,PayPal,Paypal Donations,member equity,Paypal,4/1/2025,1,4/2/2025,1000,306915.47
Occupancy,Insurance,Insurance,recurring,Cincinnati Insurance,4/4/2025,1,4/5/2025,-1483,305432.47
Salary,Payroll (admin),Payroll (admin),estimate,Payroll (admin),4/4/2025,1,4/5/2025,-5040.68,300391.79
Debt Service,LEAF,Interest,principal + interest,LEAF,4/5/2025,1,4/6/2025,-6037.07,294354.72
Occupancy,Utilities,Electric (Estimated),recurring,PPL,4/9/2025,1,4/10/2025,-1100,293254.72
Salary,Payroll (admin),Payroll (admin),estimate,Payroll (admin),4/11/2025,1,4/12/2025,-5040.68,288214.04
Project Management,SBS,Estimated Consulting Hours Refill,estimate,SBS,4/11/2025,1,4/12/2025,-5500,282714.04
Equipment,Zepole,Equipment Sales Order,current payment plan - need to renegotiate,Zepole,4/14/2025,1,4/15/2025,-315181.45,-32467.41
Revenue,HUD,HUD drawdown #13,"Includes Equipment, Occupancy and Salary from February",Hud Drawdown,4/15/2025,1,4/16/2025,400000,367532.59
Revenue,HUD,HUD drawdown #13,"Includes Equipment, Occupancy and Salary from March",Hud Drawdown,4/15/2025,1,4/16/2025,210597.34,578129.93
Debt Service,Penn,Interest,recurring,Penn,4/15/2025,1,4/16/2025,-5250,572879.93
Salary,Payroll (admin),Payroll (admin),estimate,Payroll (admin),4/18/2025,1,4/19/2025,-5040.68,567839.25
Equipment,Zepole,Equipment Sales Order,Need to confirm adjusted payment plan with Zepole,Zepole,4/23/2025,1,4/24/2025,-100000,467839.25
Salary,Payroll (admin),Payroll (admin),estimate,Payroll (admin),4/25/2025,1,4/26/2025,-5040.68,462798.57
Construction,Low Voltage,Low Voltage Install,due on completion,Micro Innovation,4/30/2025,1,5/1/2025,-9826.16,452972.41
Debt Service,Embassy,Interest,interest,Embassy,5/1/2025,1,5/2/2025,-2057.3,450915.11
Other,Marketing,Consulting (Website),recurring,Fresh Ink,5/1/2025,1,5/2/2025,-300,450615.11
Occupancy,Rent,Rent,recurring,Market Flats,5/1/2025,1,5/2/2025,-14829,435786.11
Revenue,PayPal,Paypal Donations,member equity,Paypal,5/1/2025,1,5/2/2025,1000,436786.11
Salary,Payroll (admin),Payroll (admin),estimate,Payroll (admin),5/2/2025,1,5/3/2025,-5040.68,431745.43
Occupancy,Insurance,Insurance,recurring,Cincinnati Insurance,5/5/2025,1,5/6/2025,-1483,430262.43
Debt Service,LEAF,Interest,principal + interest,LEAF,5/5/2025,1,5/6/2025,-6037.07,424225.36
Equipment,Zepole,Equipment Sales Order,Need to confirm adjusted payment plan with Zepole,Zepole,5/7/2025,1,5/8/2025,-100000,324225.36
Salary,Payroll (admin),Payroll (admin),estimate,Payroll (admin),5/9/2025,1,5/10/2025,-5040.68,319184.68
Occupancy,Utilities,Electric (Estimated),recurring,PPL,5/9/2025,1,5/10/2025,-1100,318084.68
Project Management,SBS,Estimated Consulting Hours Refill,estimate,SBS,5/11/2025,1,5/12/2025,-5500,312584.68
Equipment,Coffee Equipment,Coffee Bar Equipment,estimate,Zepole,5/15/2025,1,5/16/2025,-18000,294584.68
Debt Service,Penn,Interest,recurring,Penn,5/15/2025,1,5/16/2025,-5250,289334.68
Salary,Payroll (admin),Payroll (admin),estimate,Payroll (admin),5/16/2025,1,5/17/2025,-5040.68,284294
Salary,Payroll (store),Payroll (store),estimate,Payroll (store),5/16/2025,1,5/17/2025,-7000,277294
Salary,Payroll (admin),Payroll (admin),estimate,Payroll (admin),5/23/2025,1,5/24/2025,-5040.68,272253.32
Salary,Payroll (store),Payroll (store),estimate,Payroll (store),5/23/2025,1,5/24/2025,-7000,265253.32
Equipment,ECRS,Registers + other POS equipment,estimated install date,ECRS,5/30/2025,1,5/31/2025,-83318.11,181935.21
Salary,Payroll (admin),Payroll (admin),estimate,Payroll (admin),5/30/2025,1,5/31/2025,-5040.68,176894.53
Salary,Payroll (store),Payroll (store),estimate,Payroll (store),5/30/2025,1,5/31/2025,-7000,169894.53
Equipment,Zepole,Equipment Sales Order,due on completion,Zepole,5/31/2025,1,6/1/2025,-59799.05,110095.48
Debt Service,Embassy,Interest,interest,Embassy,6/1/2025,1,6/2/2025,-2057.3,108038.18
Other,Marketing,Consulting (Website),recurring,Fresh Ink,6/1/2025,1,6/2/2025,-300,107738.18
Occupancy,Rent,Rent,recurring,Market Flats,6/1/2025,1,6/2/2025,-14829,92909.18
Revenue,PayPal,Paypal Donations,member equity,Paypal,6/1/2025,1,6/2/2025,1000,93909.18
Debt Service,Embassy,Loan Payoff,interest,Embassy,6/4/2025,1,6/5/2025,-400000,-306090.82
Debt Service,LEAF,Interest,principal + interest,LEAF,6/5/2025,1,6/6/2025,-6037.07,-312127.89
Occupancy,Insurance,Insurance,recurring,Cincinnati Insurance,6/6/2025,1,6/7/2025,-1483,-313610.89
Salary,Payroll (admin),Payroll (admin),estimate,Payroll (admin),6/6/2025,1,6/7/2025,-5040.68,-318651.57
Salary,Payroll (store),Payroll (store),estimate,Payroll (store),6/6/2025,1,6/7/2025,-7000,-325651.57
Occupancy,Utilities,Electric (Estimated),recurring,PPL,6/9/2025,1,6/10/2025,-1100,-326751.57
Project Management,SBS,Estimated Consulting Hours Refill,estimate,SBS,6/11/2025,1,6/12/2025,-5500,-332251.57
Salary,Payroll (admin),Payroll (admin),estimate,Payroll (admin),6/13/2025,1,6/14/2025,-5040.68,-337292.25
Salary,Payroll (store),Payroll (store),estimate,Payroll (store),6/13/2025,1,6/14/2025,-17088.15,-354380.4
Other,Opening Inventory,Opening Inventory,estimate - based on Pro Forma,KeHe,6/15/2025,1,6/16/2025,-321336.25,-675716.65
Debt Service,Penn,Interest,recurring,Penn,6/15/2025,1,6/16/2025,-5250,-680966.65
Debt Service,Penn,Loan Payoff,recurring,Penn,6/15/2025,1,6/16/2025,-700000,-1380966.65
Supplies & Materials,Interior Decor,Aurora Displays,Due on Completion - terms and date subject to change,Aurora Displays,6/16/2025,1,6/17/2025,-22000,-1402966.65
Supplies & Materials,Small Wares,Kitchen Small Wares,estimate,Zepole,6/18/2025,1,6/19/2025,-18000,-1420966.65
Equipment,Aperion,Electronic Tag System,terms not defined -estimate,Aperion,6/20/2025,1,6/21/2025,-32991.7,-1453958.35
Salary,Payroll (admin),Payroll (admin),estimate,Payroll (admin),6/20/2025,1,6/21/2025,-5040.68,-1458999.03
Salary,Payroll (store),Payroll (store),estimate,Payroll (store),6/20/2025,1,6/21/2025,-17088.15,-1476087.18
Salary,Payroll (admin),Payroll (admin),estimate,Payroll (admin),6/27/2025,1,6/28/2025,-5040.68,-1481127.86
Salary,Payroll (store),Payroll (store),estimate,Payroll (store),6/27/2025,1,6/28/2025,-17088.15,-1498216.01
Occupancy,Rent,Rent,recurring,Market Flats,8/1/2025,1,8/2/2025,-14829,-1513045.01
Revenue,PayPal,Paypal Donations,member equity,Paypal,8/1/2025,1,8/2/2025,1000,-1512045.01
Occupancy,Insurance,Insurance,recurring,Cincinnati Insurance,8/3/2025,1,8/4/2025,-1483,-1513528.01
Occupancy,Utilities,Electric (Estimated),recurring,PPL,8/12/2025,1,8/13/2025,-5000,-1518528.01
Equipment,Zepole,Equipment Sales Order,Need to confirm adjusted payment plan with Zepole,Zepole,8/15/2025,1,8/16/2025,-27125.66,-1545653.67
Revenue,Store Revenue,Projected Store Revenue,Based on Pro Forma,BCM,8/20/2025,1,8/21/2025,17173.03,-1528480.64
Construction,Construction,unbilled (including retainage),due on completion,Boyle,8/21/2025,1,8/22/2025,-155267.14,-1683747.78
Revenue,Store Revenue,Projected Store Revenue,Based on Pro Forma,Store Revenue,8/22/2025,1,8/23/2025,17173.03,-1666574.75
Revenue,Store Revenue,Projected Store Revenue,Based on Pro Forma,Store Revenue,8/23/2025,1,8/24/2025,17173.03,-1649401.72
Revenue,Store Revenue,Projected Store Revenue,Based on Pro Forma,Store Revenue,8/24/2025,1,8/25/2025,17173.03,-1632228.69
Revenue,Store Revenue,Projected Store Revenue,Based on Pro Forma,Store Revenue,8/25/2025,1,8/26/2025,17173.03,-1615055.66
Debt Service,LEAF,Interest,principal + interest,LEAF,8/26/2025,1,8/27/2025,-6037.07,-1621092.73
Revenue,Store Revenue,Projected Store Revenue,Based on Pro Forma,Store Revenue,8/26/2025,1,8/27/2025,17173.03,-1603919.7
Revenue,Store Revenue,Projected Store Revenue,Based on Pro Forma,Store Revenue,8/27/2025,1,8/28/2025,17173.03,-1586746.67
Revenue,Store Revenue,Projected Store Revenue,Based on Pro Forma,Store Revenue,8/28/2025,1,8/29/2025,17173.03,-1569573.64
Revenue,Store Revenue,Projected Store Revenue,Based on Pro Forma,Store Revenue,8/29/2025,1,8/30/2025,17173.03,-1552400.61
Revenue,Store Revenue,Projected Store Revenue,Based on Pro Forma,Store Revenue,8/30/2025,1,8/31/2025,17173.03,-1535227.58
Revenue,Store Revenue,Projected Store Revenue,Based on Pro Forma,Store Revenue,8/31/2025,1,9/1/2025,17173.03,-1518054.55
Occupancy,Rent,Rent,recurring,Market Flats,9/1/2025,1,9/2/2025,-14829,-1532883.55
Revenue,Store Revenue,Projected Store Revenue,Based on Pro Forma,Store Revenue,9/1/2025,1,9/2/2025,17173.03,-1515710.52
Revenue,Store Revenue,Projected Store Revenue,Based on Pro Forma,Store Revenue,9/2/2025,1,9/3/2025,17173.03,-1498537.49
Revenue,Store Revenue,Projected Store Revenue,Based on Pro Forma,Store Revenue,9/3/2025,1,9/4/2025,17173.03,-1481364.46
Revenue,Store Revenue,Projected Store Revenue,Based on Pro Forma,Store Revenue,9/4/2025,1,9/5/2025,17173.03,-1464191.43
Revenue,Store Revenue,Projected Store Revenue,Based on Pro Forma,Store Revenue,9/5/2025,1,9/6/2025,17173.03,-1447018.4
Revenue,Store Revenue,Projected Store Revenue,Based on Pro Forma,Store Revenue,9/6/2025,1,9/7/2025,17173.03,-1429845.37
Revenue,Store Revenue,Projected Store Revenue,Based on Pro Forma,Store Revenue,9/7/2025,1,9/8/2025,17173.03,-1412672.34
Revenue,Store Revenue,Projected Store Revenue,Based on Pro Forma,Store Revenue,9/8/2025,1,9/9/2025,17173.03,-1395499.31
Revenue,Store Revenue,Projected Store Revenue,Based on Pro Forma,Store Revenue,9/9/2025,1,9/10/2025,17173.03,-1378326.28
Revenue,Store Revenue,Projected Store Revenue,Based on Pro Forma,Store Revenue,9/10/2025,1,9/11/2025,17173.03,-1361153.25
Revenue,Store Revenue,Projected Store Revenue,Based on Pro Forma,Store Revenue,9/11/2025,1,9/12/2025,17173.03,-1343980.22
Occupancy,Utilities,Electric (Estimated),recurring,PPL,9/12/2025,1,9/13/2025,-5000,-1348980.22
Revenue,Store Revenue,Projected Store Revenue,Based on Pro Forma,Store Revenue,9/12/2025,1,9/13/2025,17173.03,-1331807.19
Revenue,Store Revenue,Projected Store Revenue,Based on Pro Forma,Store Revenue,9/13/2025,1,9/14/2025,17173.03,-1314634.16
Revenue,Store Revenue,Projected Store Revenue,Based on Pro Forma,Store Revenue,9/14/2025,1,9/15/2025,17173.03,-1297461.13
Revenue,Store Revenue,Projected Store Revenue,Based on Pro Forma,Store Revenue,9/15/2025,1,9/16/2025,17173.03,-1280288.1
Revenue,Store Revenue,Projected Store Revenue,Based on Pro Forma,Store Revenue,9/16/2025,1,9/17/2025,17173.03,-1263115.07
Revenue,Store Revenue,Projected Store Revenue,Based on Pro Forma,Store Revenue,9/17/2025,1,9/18/2025,17173.03,-1245942.04
Revenue,Store Revenue,Projected Store Revenue,Based on Pro Forma,Store Revenue,9/18/2025,1,9/19/2025,17173.03,-1228769.01
Revenue,Store Revenue,Projected Store Revenue,Based on Pro Forma,Store Revenue,9/19/2025,1,9/20/2025,17173.03,-1211595.98
Revenue,Store Revenue,Projected Store Revenue,Based on Pro Forma,Store Revenue,9/20/2025,1,9/21/2025,17173.03,-1194422.95
Debt Service,LEAF,Interest,principal + interest,LEAF,9/26/2025,1,9/27/2025,-6037.07,-1200460.02
Revenue,Store Revenue,Projected Store Revenue,Based on Pro Forma,Store Revenue,7/23/2025,1,7/24/2025,17173.03,-1143249.62
Revenue,Store Revenue,Projected Store Revenue,Based on Pro Forma,Store Revenue,7/24/2025,1,7/25/2025,17173.03,-1126076.59
Revenue,Store Revenue,Projected Store Revenue,Based on Pro Forma,Store Revenue,7/25/2025,1,7/26/2025,17173.03,-1108903.56
Revenue,Store Revenue,Projected Store Revenue,Based on Pro Forma,Store Revenue,7/26/2025,1,7/27/2025,17173.03,-1091730.53
Revenue,Store Revenue,Projected Store Revenue,Based on Pro Forma,Store Revenue,7/27/2025,1,7/28/2025,17173.03,-1074557.5
Revenue,Store Revenue,Projected Store Revenue,Based on Pro Forma,Store Revenue,7/28/2025,1,7/29/2025,17173.03,-1057384.47
Revenue,Store Revenue,Projected Store Revenue,Based on Pro Forma,Store Revenue,7/29/2025,1,7/30/2025,17173.03,-1040211.44
Revenue,Store Revenue,Projected Store Revenue,Based on Pro Forma,Store Revenue,7/30/2025,1,7/31/2025,17173.03,-1023038.41
Revenue,Store Revenue,Projected Store Revenue,Based on Pro Forma,Store Revenue,7/31/2025,1,8/1/2025,17173.03,-1005865.38
